python spectral_density_scan.py 
Initializing lattice...
Thermalizing...
Collecting spectral samples...
Sample 100/1000
C_t = [34882515.22322303 34879328.71366647 34830239.8466628  34854737.08423726
 34882287.39197738 34954202.57265563 34944443.18951063 34785817.38797788
 34826440.07117899 34918689.66079289 34884359.7767605  34788316.39982824
 34807673.0662993  34852262.56686364 34861095.22965964 34855526.72674675]
Sample 200/1000
C_t = [34719429.3678887  34724833.50609287 34678876.31640074 34710318.23606649
 34731620.65132835 34819028.34835658 34802447.15294331 34663820.38955131
 34702388.92636095 34795539.05500112 34722792.84180868 34653885.75729473
 34672449.04835402 34720695.47125313 34731529.51568308 34689987.31382828]
Sample 300/1000
C_t = [34605637.30439599 34617944.06138533 34564235.37456393 34599759.94223918
 34624537.93467063 34694680.75717518 34669174.03662383 34535312.62244601
 34592017.58724555 34642747.46331547 34602487.20858964 34539052.72662994
 34535185.50100096 34610353.21834008 34597258.01025186 34553735.52395952]
Sample 400/1000
C_t = [34455135.62222105 34475187.62906389 34399692.33309045 34412912.52652501
 34471270.62502936 34556489.48340041 34514510.47718871 34418192.80459849
 34455486.34809376 34492843.54257894 34482640.46933454 34417972.84315223
 34384364.15352853 34484637.80602142 34462910.41542916 34409501.23942429]
Sample 500/1000
C_t = [34313618.95517032 34346929.83900565 34258085.57365705 34289561.64507855
 34353161.47083637 34409478.43730557 34360093.59036671 34281621.80704606
 34327897.635522   34367135.33031773 34333739.2589066  34276096.4809174
 34276707.01109426 34359214.5225431  34315787.20982039 34292274.87290268]
Sample 600/1000
C_t = [34204822.25816665 34240451.95006704 34156247.80913859 34189011.03092372
 34242068.26367294 34290898.95585044 34246125.43967427 34136987.72343903
 34184018.79945653 34268651.01899655 34211972.70682894 34151833.36854371
 34193811.66693805 34259525.48248369 34192893.86389186 34201461.94825551]
Sample 700/1000
C_t = [34111797.621434   34103325.07948802 34049652.4724418  34058562.44901703
 34144923.3656712  34195306.84744297 34151701.08556536 34053263.73152957
 34091742.17842358 34160102.17324212 34102991.82827356 34056395.0725778
 34083365.62130379 34151505.8046665  34081735.25644944 34085897.63563533]
Sample 800/1000
C_t = [33956336.95130377 33962451.925695   33941713.27035241 33912919.89338867
 34013565.97189722 34052152.648886   33997893.47230274 33900597.8921087
 33961164.0173576  34032098.10536945 33992098.08364639 33919349.65884193
 33961422.82688493 34014749.41220825 33933745.50160749 33936398.74777877]
Sample 900/1000
C_t = [33802109.69611254 33828591.87812739 33812516.6859272  33778799.8730582
 33883188.36515831 33918440.34278699 33845914.98346692 33776970.01225787
 33829999.3243669  33885792.88869984 33818397.73470615 33781812.55346275
 33828568.86800999 33887709.77876301 33785235.43584429 33799553.79382482]
Sample 1000/1000
C_t = [33665275.66231946 33695409.13745384 33672859.53623813 33656195.30921938
 33766885.5850575  33790050.82864647 33710389.90055715 33660002.09942428
 33710696.2005888  33766137.67753832 33687969.20010314 33652754.61864307
 33686134.88157981 33730390.36085205 33653503.55856334 33673022.9420751 ]
C(0) = 3.434017e+07

Estimated energy gap E₁ ≈ 0.0003
